scaffold	start	end	PPrD	PPrK	PPrGenomeD	PPrGenomeK	PangD	PangK	PangGenomeD	PangGenomeK	PfreD	PfreK	PfreGenomeD	PfreGenomeK	PlasD	PlasK	PlasGenomeD	PlasGenomeK	PnigD	PnigK	PnigGenomeD	PnigGenomeK	PtrD	PtrK	PtrGenomeD	PtrGenomeK	PtreD	PtreK	PtreGenomeD	PtreGenomeK	pbaD	pbaK	pbaGenomeD	pbaGenomeK	peuD	peuK	peuGenomeD	peuGenomeK	pilD	pilK	pilGenomeD	pilGenomeK	plauD	plauK	plauGenomeD	plauGenomeK	pteD	pteK	pteGenomeD	pteGenomeK
scaffold	1	10000	82	272	32281	54575	15	6	9785	4423	6	13	1347	4181	18	7	8492	3568	18	7	8164	3163	9	160	11715	22554	21	29	21632	8765	11	126	10572	20614	101	189	30776	59847	155	14	52756	9350	9	14	8263	3595	41	61	21325	21986
scaffold	10001	20000	122	270	32281	54575	13	19	9785	4423	1	5	1347	4181	25	6	8492	3568	7	4	8164	3163	32	57	11715	22554	11	30	21632	8765	12	53	10572	20614	129	256	30776	59847	207	36	52756	9350	12	23	8263	3595	26	62	21325	21986
scaffold	20001	30000	84	231	32281	54575	23	81	9785	4423	4	38	1347	4181	48	58	8492	3568	59	4	8164	3163	44	128	11715	22554	66	46	21632	8765	31	146	10572	20614	83	243	30776	59847	186	13	52756	9350	74	4	8263	3595	70	110	21325	21986
scaffold	30001	40000	40	36	32281	54575	7	31	9785	4423	2	61	1347	4181	12	41	8492	3568	22	1	8164	3163	18	86	11715	22554	38	30	21632	8765	21	106	10572	20614	31	88	30776	59847	89	33	52756	9350	30	1	8263	3595	51	82	21325	21986
scaffold	40001	50000	0	91	32281	54575	0	0	9785	4423	0	2	1347	4181	0	2	8492	3568	0	0	8164	3163	0	28	11715	22554	0	2	21632	8765	0	6	10572	20614	1	65	30776	59847	6	62	52756	9350	0	0	8263	3595	0	7	21325	21986
scaffold	50001	60000	0	0	32281	54575	0	0	9785	4423	0	16	1347	4181	0	0	8492	3568	0	0	8164	3163	0	7	11715	22554	0	4	21632	8765	0	7	10572	20614	0	3	30776	59847	1	10	52756	9350	0	0	8263	3595	0	11	21325	21986
scaffold	60001	70000	79	77	32281	54575	27	3	9785	4423	28	4	1347	4181	35	7	8492	3568	26	1	8164	3163	21	32	11715	22554	48	24	21632	8765	19	38	10572	20614	78	90	30776	59847	155	23	52756	9350	20	0	8263	3595	68	36	21325	21986
scaffold	70001	80000	131	213	32281	54575	44	15	9785	4423	6	5	1347	4181	34	11	8492	3568	28	7	8164	3163	30	129	11715	22554	125	48	21632	8765	34	93	10572	20614	139	224	30776	59847	236	22	52756	9350	26	2	8263	3595	102	109	21325	21986
scaffold	80001	90000	46	235	32281	54575	26	2	9785	4423	1	2	1347	4181	8	4	8492	3568	11	0	8164	3163	31	39	11715	22554	27	7	21632	8765	22	31	10572	20614	58	262	30776	59847	104	19	52756	9350	8	1	8263	3595	29	15	21325	21986
scaffold	90001	100000	132	164	32281	54575	57	10	9785	4423	7	11	1347	4181	56	4	8492	3568	24	3	8164	3163	54	105	11715	22554	81	17	21632	8765	54	106	10572	20614	131	146	30776	59847	252	5	52756	9350	52	6	8263	3595	104	57	21325	21986
scaffold	100001	110000	80	245	32281	54575	27	8	9785	4423	8	13	1347	4181	20	4	8492	3568	12	0	8164	3163	48	58	11715	22554	57	43	21632	8765	43	52	10572	20614	84	235	30776	59847	175	29	52756	9350	30	5	8263	3595	64	121	21325	21986
scaffold	110001	120000	106	210	32281	54575	23	23	9785	4423	6	8	1347	4181	15	6	8492	3568	10	5	8164	3163	52	57	11715	22554	67	23	21632	8765	43	65	10572	20614	105	191	30776	59847	171	5	52756	9350	29	3	8263	3595	80	83	21325	21986
scaffold	120001	130000	168	132	32281	54575	26	8	9785	4423	13	17	1347	4181	54	7	8492	3568	49	4	8164	3163	60	17	11715	22554	121	85	21632	8765	38	61	10572	20614	167	133	30776	59847	246	27	52756	9350	44	3	8263	3595	142	210	21325	21986
scaffold	130001	140000	68	263	32281	54575	17	1	9785	4423	0	2	1347	4181	14	4	8492	3568	11	3	8164	3163	12	30	11715	22554	46	36	21632	8765	12	20	10572	20614	66	239	30776	59847	115	18	52756	9350	7	3	8263	3595	47	59	21325	21986
scaffold	140001	150000	164	230	32281	54575	16	5	9785	4423	12	11	1347	4181	43	5	8492	3568	28	10	8164	3163	15	19	11715	22554	11	2	21632	8765	11	30	10572	20614	153	219	30776	59847	186	20	52756	9350	8	4	8263	3595	10	9	21325	21986
scaffold	150001	160000	238	206	32281	54575	60	7	9785	4423	10	14	1347	4181	86	9	8492	3568	98	24	8164	3163	103	71	11715	22554	44	7	21632	8765	153	126	10572	20614	223	201	30776	59847	324	30	52756	9350	27	4	8263	3595	61	48	21325	21986
scaffold	160001	170000	64	242	32281	54575	37	0	9785	4423	0	16	1347	4181	12	1	8492	3568	24	1	8164	3163	29	76	11715	22554	62	33	21632	8765	34	39	10572	20614	54	271	30776	59847	114	36	52756	9350	25	2	8263	3595	46	99	21325	21986
scaffold	170001	180000	107	234	32281	54575	37	11	9785	4423	3	4	1347	4181	42	5	8492	3568	27	4	8164	3163	28	84	11715	22554	99	23	21632	8765	32	59	10572	20614	102	250	30776	59847	177	39	52756	9350	29	10	8263	3595	91	68	21325	21986
scaffold	180001	190000	109	328	32281	54575	28	5	9785	4423	5	10	1347	4181	17	1	8492	3568	23	1	8164	3163	31	77	11715	22554	62	8	21632	8765	33	45	10572	20614	103	402	30776	59847	195	27	52756	9350	16	3	8263	3595	51	29	21325	21986
scaffold	190001	200000	90	147	32281	54575	40	17	9785	4423	7	16	1347	4181	32	3	8492	3568	32	3	8164	3163	37	67	11715	22554	75	32	21632	8765	33	51	10572	20614	96	188	30776	59847	142	41	52756	9350	33	5	8263	3595	63	83	21325	21986
scaffold	200001	210000	90	312	32281	54575	41	2	9785	4423	4	4	1347	4181	24	2	8492	3568	29	4	8164	3163	47	79	11715	22554	65	26	21632	8765	43	60	10572	20614	99	252	30776	59847	147	17	52756	9350	38	5	8263	3595	85	54	21325	21986
scaffold	210001	220000	157	121	32281	54575	45	7	9785	4423	6	21	1347	4181	34	7	8492	3568	25	2	8164	3163	109	94	11715	22554	103	25	21632	8765	86	42	10572	20614	122	113	30776	59847	251	25	52756	9350	37	4	8263	3595	97	37	21325	21986
scaffold	220001	230000	103	252	32281	54575	40	8	9785	4423	6	9	1347	4181	22	4	8492	3568	22	2	8164	3163	43	41	11715	22554	101	25	21632	8765	37	38	10572	20614	113	242	30776	59847	169	31	52756	9350	17	6	8263	3595	81	92	21325	21986
scaffold	230001	240000	68	159	32281	54575	25	9	9785	4423	6	4	1347	4181	13	4	8492	3568	18	2	8164	3163	26	42	11715	22554	42	15	21632	8765	18	34	10572	20614	55	153	30776	59847	132	41	52756	9350	17	1	8263	3595	63	15	21325	21986
scaffold	240001	250000	193	148	32281	54575	36	18	9785	4423	6	47	1347	4181	27	17	8492	3568	35	34	8164	3163	48	57	11715	22554	101	63	21632	8765	47	44	10572	20614	197	192	30776	59847	324	21	52756	9350	35	18	8263	3595	111	104	21325	21986
scaffold	250001	260000	138	167	32281	54575	38	242	9785	4423	5	260	1347	4181	31	208	8492	3568	44	194	8164	3163	47	330	11715	22554	86	245	21632	8765	47	313	10572	20614	127	177	30776	59847	243	26	52756	9350	40	240	8263	3595	90	306	21325	21986
scaffold	260001	270000	110	119	32281	54575	32	198	9785	4423	5	213	1347	4181	27	200	8492	3568	29	193	8164	3163	35	243	11715	22554	71	223	21632	8765	32	251	10572	20614	105	220	30776	59847	199	8	52756	9350	27	205	8263	3595	62	262	21325	21986
scaffold	270001	280000	121	195	32281	54575	84	28	9785	4423	0	31	1347	4181	87	22	8492	3568	44	17	8164	3163	76	104	11715	22554	102	22	21632	8765	81	89	10572	20614	115	165	30776	59847	201	12	52756	9350	53	20	8263	3595	99	78	21325	21986
scaffold	280001	290000	82	277	32281	54575	50	16	9785	4423	5	12	1347	4181	33	10	8492	3568	26	5	8164	3163	29	113	11715	22554	107	21	21632	8765	26	103	10572	20614	80	246	30776	59847	156	29	52756	9350	39	10	8263	3595	104	81	21325	21986
scaffold	290001	300000	122	163	32281	54575	71	5	9785	4423	6	21	1347	4181	70	10	8492	3568	46	9	8164	3163	106	77	11715	22554	180	15	21632	8765	97	95	10572	20614	120	160	30776	59847	228	17	52756	9350	63	5	8263	3595	167	77	21325	21986
scaffold	300001	310000	97	185	32281	54575	61	20	9785	4423	9	11	1347	4181	25	15	8492	3568	26	19	8164	3163	78	96	11715	22554	70	45	21632	8765	38	111	10572	20614	83	195	30776	59847	215	11	52756	9350	24	18	8263	3595	57	113	21325	21986
scaffold	310001	320000	87	239	32281	54575	31	2	9785	4423	1	5	1347	4181	17	6	8492	3568	24	13	8164	3163	46	38	11715	22554	74	23	21632	8765	45	41	10572	20614	94	252	30776	59847	140	26	52756	9350	16	4	8263	3595	84	37	21325	21986
scaffold	320001	330000	38	421	32281	54575	10	3	9785	4423	1	1	1347	4181	12	4	8492	3568	7	1	8164	3163	14	56	11715	22554	15	8	21632	8765	10	27	10572	20614	46	464	30776	59847	63	46	52756	9350	7	10	8263	3595	18	18	21325	21986
scaffold	330001	340000	63	281	32281	54575	13	9	9785	4423	2	11	1347	4181	11	11	8492	3568	8	2	8164	3163	18	183	11715	22554	29	44	21632	8765	15	169	10572	20614	68	268	30776	59847	112	34	52756	9350	15	14	8263	3595	30	113	21325	21986
scaffold	340001	350000	129	168	32281	54575	36	3	9785	4423	4	5	1347	4181	23	5	8492	3568	9	3	8164	3163	26	74	11715	22554	87	22	21632	8765	24	75	10572	20614	119	174	30776	59847	205	22	52756	9350	25	2	8263	3595	76	78	21325	21986
scaffold	350001	360000	117	198	32281	54575	56	9	9785	4423	13	11	1347	4181	40	9	8492	3568	45	4	8164	3163	34	93	11715	22554	64	33	21632	8765	29	99	10572	20614	123	194	30776	59847	204	51	52756	9350	46	3	8263	3595	82	95	21325	21986
scaffold	360001	370000	142	191	32281	54575	37	7	9785	4423	6	7	1347	4181	26	4	8492	3568	22	4	8164	3163	49	46	11715	22554	59	11	21632	8765	35	34	10572	20614	133	182	30776	59847	219	52	52756	9350	20	2	8263	3595	39	39	21325	21986
scaffold	370001	380000	99	191	32281	54575	33	5	9785	4423	5	11	1347	4181	13	2	8492	3568	35	7	8164	3163	52	55	11715	22554	44	25	21632	8765	35	39	10572	20614	99	228	30776	59847	137	36	52756	9350	13	2	8263	3595	44	51	21325	21986
scaffold	380001	390000	79	163	32281	54575	34	15	9785	4423	7	8	1347	4181	18	2	8492	3568	43	6	8164	3163	54	51	11715	22554	62	22	21632	8765	53	50	10572	20614	79	154	30776	59847	151	15	52756	9350	29	7	8263	3595	58	79	21325	21986
scaffold	390001	400000	70	113	32281	54575	30	11	9785	4423	0	0	1347	4181	8	6	8492	3568	19	3	8164	3163	52	24	11715	22554	32	12	21632	8765	47	39	10572	20614	52	120	30776	59847	99	28	52756	9350	3	5	8263	3595	36	24	21325	21986
scaffold	400001	410000	82	205	32281	54575	8	17	9785	4423	1	8	1347	4181	8	9	8492	3568	11	7	8164	3163	11	71	11715	22554	26	43	21632	8765	24	47	10572	20614	88	174	30776	59847	142	56	52756	9350	16	2	8263	3595	47	68	21325	21986
scaffold	410001	420000	99	220	32281	54575	29	4	9785	4423	2	6	1347	4181	13	14	8492	3568	41	5	8164	3163	27	55	11715	22554	50	49	21632	8765	18	57	10572	20614	85	214	30776	59847	170	28	52756	9350	14	3	8263	3595	51	97	21325	21986
scaffold	420001	430000	126	258	32281	54575	63	36	9785	4423	9	20	1347	4181	43	19	8492	3568	45	21	8164	3163	55	103	11715	22554	107	31	21632	8765	58	82	10572	20614	120	259	30776	59847	210	22	52756	9350	31	19	8263	3595	88	56	21325	21986
scaffold	430001	440000	121	171	32281	54575	46	100	9785	4423	10	67	1347	4181	39	75	8492	3568	41	71	8164	3163	55	145	11715	22554	139	109	21632	8765	52	160	10572	20614	117	187	30776	59847	210	22	52756	9350	53	77	8263	3595	92	227	21325	21986
scaffold	440001	450000	74	232	32281	54575	22	8	9785	4423	3	2	1347	4181	20	11	8492	3568	11	4	8164	3163	39	25	11715	22554	71	9	21632	8765	34	23	10572	20614	77	213	30776	59847	108	59	52756	9350	26	6	8263	3595	54	46	21325	21986
scaffold	450001	460000	125	174	32281	54575	52	8	9785	4423	3	9	1347	4181	29	7	8492	3568	42	6	8164	3163	88	64	11715	22554	115	23	21632	8765	85	60	10572	20614	122	174	30776	59847	228	29	52756	9350	62	10	8263	3595	73	135	21325	21986
scaffold	460001	470000	148	151	32281	54575	34	6	9785	4423	4	7	1347	4181	27	10	8492	3568	21	11	8164	3163	41	60	11715	22554	147	25	21632	8765	47	41	10572	20614	140	181	30776	59847	252	39	52756	9350	26	8	8263	3595	122	88	21325	21986
scaffold	470001	480000	66	264	32281	54575	17	1	9785	4423	5	3	1347	4181	8	6	8492	3568	14	2	8164	3163	24	39	11715	22554	21	5	21632	8765	23	23	10572	20614	63	333	30776	59847	94	60	52756	9350	13	5	8263	3595	34	28	21325	21986
scaffold	480001	490000	114	141	32281	54575	31	6	9785	4423	2	18	1347	4181	17	6	8492	3568	20	7	8164	3163	19	116	11715	22554	135	25	21632	8765	13	95	10572	20614	115	143	30776	59847	197	40	52756	9350	23	4	8263	3595	92	128	21325	21986
scaffold	490001	500000	107	203	32281	54575	44	20	9785	4423	6	28	1347	4181	34	8	8492	3568	39	23	8164	3163	33	115	11715	22554	111	25	21632	8765	27	150	10572	20614	104	215	30776	59847	205	12	52756	9350	44	12	8263	3595	99	97	21325	21986
scaffold	500001	510000	66	220	32281	54575	12	10	9785	4423	11	3	1347	4181	26	6	8492	3568	12	1	8164	3163	11	29	11715	22554	54	9	21632	8765	10	19	10572	20614	67	221	30776	59847	131	41	52756	9350	12	2	8263	3595	48	56	21325	21986
scaffold	510001	520000	102	309	32281	54575	22	5	9785	4423	8	5	1347	4181	31	10	8492	3568	18	7	8164	3163	32	76	11715	22554	128	18	21632	8765	27	86	10572	20614	88	333	30776	59847	171	36	52756	9350	35	15	8263	3595	93	97	21325	21986
scaffold	520001	530000	96	193	32281	54575	33	16	9785	4423	10	10	1347	4181	30	5	8492	3568	28	2	8164	3163	55	60	11715	22554	81	12	21632	8765	48	60	10572	20614	111	192	30776	59847	208	28	52756	9350	48	4	8263	3595	71	33	21325	21986
scaffold	530001	540000	134	211	32281	54575	24	6	9785	4423	3	26	1347	4181	23	4	8492	3568	26	2	8164	3163	54	46	11715	22554	102	57	21632	8765	50	53	10572	20614	141	216	30776	59847	204	17	52756	9350	28	5	8263	3595	90	133	21325	21986
scaffold	540001	550000	124	135	32281	54575	17	18	9785	4423	5	4	1347	4181	16	3	8492	3568	22	5	8164	3163	32	20	11715	22554	92	31	21632	8765	22	46	10572	20614	130	143	30776	59847	206	27	52756	9350	19	2	8263	3595	81	106	21325	21986
scaffold	550001	560000	56	78	32281	54575	9	5	9785	4423	1	2	1347	4181	11	0	8492	3568	9	7	8164	3163	6	39	11715	22554	38	24	21632	8765	4	27	10572	20614	45	109	30776	59847	86	115	52756	9350	10	2	8263	3595	27	63	21325	21986
scaffold	560001	570000	54	178	32281	54575	10	7	9785	4423	7	3	1347	4181	19	8	8492	3568	16	5	8164	3163	43	54	11715	22554	23	13	21632	8765	28	51	10572	20614	56	151	30776	59847	102	44	52756	9350	12	3	8263	3595	40	39	21325	21986
scaffold	570001	580000	94	163	32281	54575	20	17	9785	4423	8	10	1347	4181	38	2	8492	3568	15	6	8164	3163	30	70	11715	22554	55	20	21632	8765	30	59	10572	20614	83	190	30776	59847	160	58	52756	9350	16	14	8263	3595	57	87	21325	21986
scaffold	580001	590000	149	197	32281	54575	57	11	9785	4423	3	14	1347	4181	40	5	8492	3568	21	2	8164	3163	53	79	11715	22554	96	41	21632	8765	60	53	10572	20614	144	261	30776	59847	210	28	52756	9350	25	2	8263	3595	98	64	21325	21986
scaffold	590001	600000	104	176	32281	54575	11	7	9785	4423	2	7	1347	4181	20	4	8492	3568	9	11	8164	3163	36	62	11715	22554	70	12	21632	8765	38	29	10572	20614	106	230	30776	59847	160	21	52756	9350	11	7	8263	3595	92	23	21325	21986
scaffold	600001	610000	191	123	32281	54575	50	16	9785	4423	3	16	1347	4181	51	6	8492	3568	36	8	8164	3163	67	43	11715	22554	173	49	21632	8765	57	80	10572	20614	179	161	30776	59847	287	21	52756	9350	42	8	8263	3595	132	151	21325	21986
scaffold	610001	620000	81	305	32281	54575	16	2	9785	4423	2	2	1347	4181	5	1	8492	3568	6	1	8164	3163	21	21	11715	22554	26	6	21632	8765	18	12	10572	20614	60	274	30776	59847	99	34	52756	9350	9	0	8263	3595	28	6	21325	21986
scaffold	620001	630000	66	132	32281	54575	19	4	9785	4423	0	1	1347	4181	14	5	8492	3568	14	0	8164	3163	24	32	11715	22554	45	10	21632	8765	19	23	10572	20614	60	173	30776	59847	113	14	52756	9350	19	5	8263	3595	38	61	21325	21986
scaffold	630001	640000	176	177	32281	54575	53	13	9785	4423	4	9	1347	4181	31	14	8492	3568	38	3	8164	3163	49	73	11715	22554	114	36	21632	8765	46	74	10572	20614	182	187	30776	59847	264	14	52756	9350	38	8	8263	3595	93	92	21325	21986
scaffold	640001	650000	102	213	32281	54575	17	20	9785	4423	2	5	1347	4181	17	7	8492	3568	14	9	8164	3163	17	173	11715	22554	41	26	21632	8765	19	109	10572	20614	103	266	30776	59847	184	17	52756	9350	27	9	8263	3595	46	34	21325	21986
scaffold	650001	660000	89	341	32281	54575	10	11	9785	4423	0	7	1347	4181	6	2	8492	3568	8	3	8164	3163	22	64	11715	22554	44	18	21632	8765	20	43	10572	20614	84	240	30776	59847	141	21	52756	9350	21	2	8263	3595	55	38	21325	21986
scaffold	660001	670000	54	167	32281	54575	15	7	9785	4423	6	1	1347	4181	18	2	8492	3568	12	0	8164	3163	23	59	11715	22554	47	9	21632	8765	28	34	10572	20614	57	218	30776	59847	89	12	52756	9350	31	3	8263	3595	56	34	21325	21986
scaffold	670001	680000	74	219	32281	54575	27	4	9785	4423	1	7	1347	4181	20	5	8492	3568	18	1	8164	3163	37	51	11715	22554	46	31	21632	8765	32	25	10572	20614	98	224	30776	59847	152	35	52756	9350	23	4	8263	3595	37	29	21325	21986
scaffold	680001	690000	92	181	32281	54575	23	5	9785	4423	4	3	1347	4181	20	10	8492	3568	18	1	8164	3163	29	49	11715	22554	75	27	21632	8765	27	53	10572	20614	78	198	30776	59847	132	38	52756	9350	20	2	8263	3595	64	49	21325	21986
scaffold	690001	700000	114	123	32281	54575	62	17	9785	4423	2	10	1347	4181	47	6	8492	3568	50	3	8164	3163	57	101	11715	22554	98	36	21632	8765	57	92	10572	20614	116	140	30776	59847	199	11	52756	9350	35	9	8263	3595	93	159	21325	21986
scaffold	700001	710000	149	157	32281	54575	24	4	9785	4423	2	10	1347	4181	31	4	8492	3568	18	1	8164	3163	35	67	11715	22554	128	34	21632	8765	38	71	10572	20614	136	152	30776	59847	208	22	52756	9350	26	5	8263	3595	124	74	21325	21986
scaffold	710001	720000	140	165	32281	54575	18	11	9785	4423	12	5	1347	4181	22	3	8492	3568	14	4	8164	3163	21	83	11715	22554	96	22	21632	8765	21	82	10572	20614	130	167	30776	59847	205	31	52756	9350	29	6	8263	3595	127	31	21325	21986
scaffold	720001	730000	95	231	32281	54575	21	4	9785	4423	7	5	1347	4181	11	2	8492	3568	14	6	8164	3163	28	59	11715	22554	84	11	21632	8765	27	50	10572	20614	105	280	30776	59847	184	25	52756	9350	12	4	8263	3595	77	47	21325	21986
scaffold	730001	740000	112	228	32281	54575	33	10	9785	4423	2	9	1347	4181	25	3	8492	3568	36	3	8164	3163	50	49	11715	22554	94	11	21632	8765	46	41	10572	20614	112	220	30776	59847	211	41	52756	9350	45	8	8263	3595	83	62	21325	21986
scaffold	740001	750000	137	124	32281	54575	29	16	9785	4423	0	14	1347	4181	23	1	8492	3568	26	3	8164	3163	23	47	11715	22554	62	23	21632	8765	29	44	10572	20614	135	131	30776	59847	221	22	52756	9350	25	3	8263	3595	75	79	21325	21986
scaffold	750001	760000	81	156	32281	54575	8	14	9785	4423	2	17	1347	4181	15	4	8492	3568	21	1	8164	3163	14	51	11715	22554	43	63	21632	8765	9	31	10572	20614	89	134	30776	59847	128	38	52756	9350	16	7	8263	3595	45	113	21325	21986
scaffold	760001	770000	103	97	32281	54575	34	8	9785	4423	5	9	1347	4181	25	2	8492	3568	25	8	8164	3163	37	58	11715	22554	73	27	21632	8765	39	52	10572	20614	92	111	30776	59847	138	36	52756	9350	34	2	8263	3595	68	56	21325	21986
scaffold	770001	780000	64	123	32281	54575	18	5	9785	4423	4	1	1347	4181	25	9	8492	3568	21	0	8164	3163	16	69	11715	22554	70	29	21632	8765	13	58	10572	20614	68	142	30776	59847	148	23	52756	9350	19	5	8263	3595	63	89	21325	21986
scaffold	780001	790000	75	199	32281	54575	29	15	9785	4423	4	4	1347	4181	54	9	8492	3568	36	2	8164	3163	37	61	11715	22554	70	42	21632	8765	29	91	10572	20614	88	180	30776	59847	149	34	52756	9350	35	3	8263	3595	81	62	21325	21986
scaffold	790001	800000	74	234	32281	54575	17	18	9785	4423	5	13	1347	4181	25	2	8492	3568	20	3	8164	3163	16	67	11715	22554	45	16	21632	8765	16	61	10572	20614	77	201	30776	59847	112	30	52756	9350	20	16	8263	3595	82	26	21325	21986
scaffold	800001	810000	44	424	32281	54575	2	66	9785	4423	0	67	1347	4181	2	66	8492	3568	0	94	8164	3163	3	209	11715	22554	8	35	21632	8765	3	202	10572	20614	36	402	30776	59847	86	35	52756	9350	2	66	8263	3595	13	138	21325	21986
scaffold	810001	820000	128	151	32281	54575	34	8	9785	4423	7	13	1347	4181	56	17	8492	3568	51	7	8164	3163	48	59	11715	22554	95	43	21632	8765	45	48	10572	20614	120	152	30776	59847	219	18	52756	9350	65	12	8263	3595	106	93	21325	21986
scaffold	820001	830000	135	139	32281	54575	36	16	9785	4423	3	8	1347	4181	56	5	8492	3568	52	3	8164	3163	46	41	11715	22554	105	42	21632	8765	41	62	10572	20614	127	165	30776	59847	235	35	52756	9350	55	9	8263	3595	102	65	21325	21986
scaffold	830001	840000	107	151	32281	54575	43	18	9785	4423	2	32	1347	4181	32	3	8492	3568	43	4	8164	3163	60	103	11715	22554	87	42	21632	8765	51	88	10572	20614	120	179	30776	59847	219	29	52756	9350	44	2	8263	3595	74	98	21325	21986
scaffold	840001	850000	106	143	32281	54575	21	5	9785	4423	2	48	1347	4181	15	26	8492	3568	11	20	8164	3163	30	60	11715	22554	42	24	21632	8765	32	46	10572	20614	91	159	30776	59847	137	19	52756	9350	20	35	8263	3595	47	30	21325	21986
scaffold	850001	860000	46	523	32281	54575	38	10	9785	4423	3	5	1347	4181	23	5	8492	3568	19	9	8164	3163	34	20	11715	22554	36	11	21632	8765	37	8	10572	20614	49	558	30776	59847	71	51	52756	9350	27	3	8263	3595	39	22	21325	21986
scaffold	860001	870000	144	136	32281	54575	24	9	9785	4423	6	10	1347	4181	15	6	8492	3568	8	6	8164	3163	43	32	11715	22554	69	16	21632	8765	39	24	10572	20614	135	233	30776	59847	192	29	52756	9350	20	2	8263	3595	70	28	21325	21986
scaffold	870001	880000	48	260	32281	54575	9	6	9785	4423	2	2	1347	4181	3	3	8492	3568	9	2	8164	3163	31	73	11715	22554	8	12	21632	8765	35	33	10572	20614	51	246	30776	59847	83	53	52756	9350	4	0	8263	3595	14	12	21325	21986
scaffold	880001	890000	121	151	32281	54575	39	7	9785	4423	1	13	1347	4181	31	7	8492	3568	42	11	8164	3163	27	83	11715	22554	96	34	21632	8765	27	87	10572	20614	112	190	30776	59847	224	31	52756	9350	32	5	8263	3595	91	115	21325	21986
scaffold	890001	900000	154	161	32281	54575	42	38	9785	4423	3	35	1347	4181	20	6	8492	3568	20	10	8164	3163	41	115	11715	22554	105	58	21632	8765	42	96	10572	20614	132	215	30776	59847	241	48	52756	9350	22	32	8263	3595	118	96	21325	21986
scaffold	900001	910000	111	246	32281	54575	82	9	9785	4423	4	15	1347	4181	22	9	8492	3568	59	8	8164	3163	103	77	11715	22554	64	39	21632	8765	98	55	10572	20614	125	203	30776	59847	229	18	52756	9350	37	8	8263	3595	86	95	21325	21986
scaffold	910001	920000	108	111	32281	54575	24	11	9785	4423	1	8	1347	4181	29	4	8492	3568	10	0	8164	3163	22	58	11715	22554	72	19	21632	8765	17	67	10572	20614	96	172	30776	59847	184	14	52756	9350	16	6	8263	3595	69	105	21325	21986
scaffold	920001	930000	111	155	32281	54575	50	16	9785	4423	2	8	1347	4181	44	19	8492	3568	43	6	8164	3163	60	74	11715	22554	117	46	21632	8765	64	45	10572	20614	104	155	30776	59847	210	30	52756	9350	51	13	8263	3595	114	101	21325	21986
scaffold	930001	940000	106	259	32281	54575	51	2	9785	4423	2	5	1347	4181	22	25	8492	3568	38	1	8164	3163	37	111	11715	22554	71	18	21632	8765	29	101	10572	20614	117	249	30776	59847	198	22	52756	9350	39	2	8263	3595	68	88	21325	21986
scaffold	940001	950000	111	188	32281	54575	39	3	9785	4423	3	3	1347	4181	25	2	8492	3568	20	1	8164	3163	43	57	11715	22554	73	22	21632	8765	36	46	10572	20614	106	211	30776	59847	185	18	52756	9350	20	2	8263	3595	64	71	21325	21986
scaffold	950001	960000	168	209	32281	54575	30	7	9785	4423	6	20	1347	4181	18	10	8492	3568	10	6	8164	3163	36	57	11715	22554	25	15	21632	8765	25	40	10572	20614	131	235	30776	59847	214	51	52756	9350	23	8	8263	3595	27	42	21325	21986
scaffold	960001	970000	66	120	32281	54575	13	1	9785	4423	2	2	1347	4181	19	4	8492	3568	25	2	8164	3163	28	38	11715	22554	31	4	21632	8765	26	20	10572	20614	72	135	30776	59847	113	25	52756	9350	21	2	8263	3595	39	10	21325	21986
scaffold	970001	980000	95	285	32281	54575	24	5	9785	4423	1	7	1347	4181	10	6	8492	3568	18	3	8164	3163	49	18	11715	22554	29	17	21632	8765	37	24	10572	20614	78	256	30776	59847	128	28	52756	9350	20	2	8263	3595	53	23	21325	21986
scaffold	980001	990000	80	433	32281	54575	22	2	9785	4423	2	13	1347	4181	27	2	8492	3568	18	4	8164	3163	22	7	11715	22554	24	6	21632	8765	21	11	10572	20614	83	356	30776	59847	126	45	52756	9350	19	4	8263	3595	41	35	21325	21986
scaffold	990001	1000000	112	272	32281	54575	16	7	9785	4423	2	8	1347	4181	15	5	8492	3568	14	5	8164	3163	23	50	11715	22554	54	9	21632	8765	17	59	10572	20614	108	225	30776	59847	180	35	52756	9350	15	10	8263	3595	46	26	21325	21986
scaffold	1000001	1010000	72	374	32281	54575	24	0	9785	4423	5	12	1347	4181	14	2	8492	3568	20	4	8164	3163	22	34	11715	22554	81	24	21632	8765	24	41	10572	20614	79	405	30776	59847	152	31	52756	9350	17	3	8263	3595	66	56	21325	21986
scaffold	1010001	1020000	95	235	32281	54575	17	2	9785	4423	5	4	1347	4181	25	0	8492	3568	22	2	8164	3163	39	54	11715	22554	68	29	21632	8765	38	31	10572	20614	92	237	30776	59847	143	42	52756	9350	16	6	8263	3595	70	46	21325	21986
scaffold	1020001	1030000	49	456	32281	54575	25	5	9785	4423	0	5	1347	4181	18	2	8492	3568	23	2	8164	3163	27	18	11715	22554	37	20	21632	8765	21	31	10572	20614	46	383	30776	59847	90	46	52756	9350	12	7	8263	3595	31	57	21325	21986
scaffold	1030001	1040000	68	212	32281	54575	24	3	9785	4423	8	5	1347	4181	25	3	8492	3568	36	2	8164	3163	27	119	11715	22554	102	23	21632	8765	19	154	10572	20614	65	188	30776	59847	172	32	52756	9350	20	4	8263	3595	100	74	21325	21986
scaffold	1040001	1050000	107	273	32281	54575	18	9	9785	4423	9	12	1347	4181	37	4	8492	3568	30	4	8164	3163	54	77	11715	22554	65	27	21632	8765	30	71	10572	20614	110	263	30776	59847	229	37	52756	9350	35	5	8263	3595	92	27	21325	21986
scaffold	1050001	1060000	94	163	32281	54575	21	2	9785	4423	3	10	1347	4181	21	3	8492	3568	20	6	8164	3163	47	64	11715	22554	70	35	21632	8765	28	60	10572	20614	86	154	30776	59847	151	7	52756	9350	8	6	8263	3595	65	76	21325	21986
scaffold	1060001	1070000	131	185	32281	54575	38	12	9785	4423	6	7	1347	4181	27	0	8492	3568	25	1	8164	3163	55	69	11715	22554	76	22	21632	8765	48	49	10572	20614	124	160	30776	59847	233	37	52756	9350	28	0	8263	3595	91	68	21325	21986
scaffold	1070001	1080000	76	208	32281	54575	13	2	9785	4423	3	8	1347	4181	7	2	8492	3568	2	0	8164	3163	28	39	11715	22554	26	7	21632	8765	20	32	10572	20614	77	180	30776	59847	134	30	52756	9350	6	6	8263	3595	30	31	21325	21986
scaffold	1080001	1090000	57	158	32281	54575	28	1	9785	4423	1	14	1347	4181	18	1	8492	3568	17	1	8164	3163	39	55	11715	22554	45	28	21632	8765	39	27	10572	20614	57	151	30776	59847	149	12	52756	9350	17	3	8263	3595	69	19	21325	21986
scaffold	1090001	1100000	108	158	32281	54575	37	11	9785	4423	5	14	1347	4181	52	8	8492	3568	44	6	8164	3163	55	54	11715	22554	102	35	21632	8765	65	25	10572	20614	102	145	30776	59847	229	23	52756	9350	31	5	8263	3595	119	38	21325	21986
scaffold	1100001	1110000	115	187	32281	54575	48	14	9785	4423	2	11	1347	4181	50	12	8492	3568	44	13	8164	3163	55	85	11715	22554	103	49	21632	8765	52	82	10572	20614	111	196	30776	59847	239	10	52756	9350	36	5	8263	3595	128	51	21325	21986
scaffold	1110001	1120000	138	143	32281	54575	20	18	9785	4423	7	10	1347	4181	41	6	8492	3568	39	9	8164	3163	23	130	11715	22554	105	26	21632	8765	26	126	10572	20614	137	149	30776	59847	238	18	52756	9350	52	15	8263	3595	76	103	21325	21986
scaffold	1120001	1130000	95	156	32281	54575	25	40	9785	4423	5	9	1347	4181	28	3	8492	3568	28	8	8164	3163	42	103	11715	22554	94	14	21632	8765	52	73	10572	20614	84	173	30776	59847	167	22	52756	9350	27	5	8263	3595	65	102	21325	21986
scaffold	1130001	1140000	168	137	32281	54575	33	5	9785	4423	8	17	1347	4181	51	6	8492	3568	62	5	8164	3163	62	59	11715	22554	81	23	21632	8765	44	60	10572	20614	173	140	30776	59847	263	36	52756	9350	49	8	8263	3595	82	94	21325	21986
scaffold	1140001	1150000	109	351	32281	54575	20	5	9785	4423	15	9	1347	4181	38	3	8492	3568	21	4	8164	3163	41	48	11715	22554	56	17	21632	8765	37	43	10572	20614	117	274	30776	59847	223	26	52756	9350	21	1	8263	3595	55	60	21325	21986
scaffold	1150001	1160000	42	189	32281	54575	18	3	9785	4423	3	1	1347	4181	9	4	8492	3568	15	4	8164	3163	29	43	11715	22554	10	3	21632	8765	30	36	10572	20614	48	154	30776	59847	82	43	52756	9350	10	5	8263	3595	22	11	21325	21986
scaffold	1160001	1170000	171	162	32281	54575	45	5	9785	4423	5	10	1347	4181	65	7	8492	3568	62	6	8164	3163	66	29	11715	22554	153	34	21632	8765	49	70	10572	20614	162	151	30776	59847	292	11	52756	9350	37	3	8263	3595	122	115	21325	21986
scaffold	1170001	1180000	139	113	32281	54575	45	14	9785	4423	2	11	1347	4181	42	13	8492	3568	33	11	8164	3163	55	35	11715	22554	74	16	21632	8765	47	55	10572	20614	130	117	30776	59847	209	2	52756	9350	32	6	8263	3595	67	81	21325	21986
scaffold	1180001	1190000	95	217	32281	54575	42	13	9785	4423	16	13	1347	4181	38	6	8492	3568	39	6	8164	3163	54	54	11715	22554	62	7	21632	8765	39	19	10572	20614	104	205	30776	59847	190	16	52756	9350	39	2	8263	3595	71	35	21325	21986
scaffold	1190001	1200000	64	488	32281	54575	17	12	9785	4423	6	12	1347	4181	10	3	8492	3568	8	3	8164	3163	29	45	11715	22554	20	14	21632	8765	23	19	10572	20614	61	520	30776	59847	124	3	52756	9350	4	2	8263	3595	17	35	21325	21986
scaffold	1200001	1210000	123	176	32281	54575	71	9	9785	4423	5	12	1347	4181	48	7	8492	3568	45	11	8164	3163	68	59	11715	22554	96	28	21632	8765	60	55	10572	20614	116	237	30776	59847	198	17	52756	9350	41	7	8263	3595	67	133	21325	21986
scaffold	1210001	1220000	174	206	32281	54575	99	4	9785	4423	7	14	1347	4181	40	11	8492	3568	61	7	8164	3163	112	103	11715	22554	71	19	21632	8765	116	91	10572	20614	184	182	30776	59847	254	12	52756	9350	57	8	8263	3595	64	36	21325	21986
scaffold	1220001	1230000	101	396	32281	54575	23	5	9785	4423	7	6	1347	4181	14	1	8492	3568	9	0	8164	3163	33	50	11715	22554	65	14	21632	8765	22	33	10572	20614	94	420	30776	59847	146	48	52756	9350	12	4	8263	3595	54	38	21325	21986
scaffold	1230001	1240000	68	188	32281	54575	37	6	9785	4423	11	15	1347	4181	19	31	8492	3568	28	3	8164	3163	28	117	11715	22554	68	31	21632	8765	40	51	10572	20614	74	188	30776	59847	144	23	52756	9350	19	20	8263	3595	45	79	21325	21986
scaffold	1240001	1250000	6	412	32281	54575	0	5	9785	4423	0	1	1347	4181	1	1	8492	3568	3	4	8164	3163	5	19	11715	22554	8	27	21632	8765	4	16	10572	20614	8	354	30776	59847	12	45	52756	9350	2	1	8263	3595	4	52	21325	21986
scaffold	1250001	1260000	99	226	32281	54575	35	4	9785	4423	0	2	1347	4181	29	9	8492	3568	32	2	8164	3163	28	81	11715	22554	112	39	21632	8765	30	81	10572	20614	100	219	30776	59847	201	33	52756	9350	36	2	8263	3595	108	83	21325	21986
scaffold	1260001	1270000	80	294	32281	54575	32	5	9785	4423	1	7	1347	4181	23	5	8492	3568	17	5	8164	3163	28	71	11715	22554	91	6	21632	8765	28	65	10572	20614	93	284	30776	59847	149	43	52756	9350	30	1	8263	3595	79	54	21325	21986
scaffold	1270001	1280000	33	147	32281	54575	7	17	9785	4423	0	2	1347	4181	0	1	8492	3568	0	0	8164	3163	9	68	11715	22554	17	12	21632	8765	4	29	10572	20614	24	168	30776	59847	45	75	52756	9350	0	3	8263	3595	18	27	21325	21986
scaffold	1280001	1290000	134	220	32281	54575	52	6	9785	4423	8	7	1347	4181	34	13	8492	3568	55	3	8164	3163	43	77	11715	22554	83	29	21632	8765	40	48	10572	20614	141	175	30776	59847	227	33	52756	9350	44	11	8263	3595	103	44	21325	21986
scaffold	1290001	1300000	94	297	32281	54575	43	2	9785	4423	7	6	1347	4181	25	3	8492	3568	25	2	8164	3163	58	51	11715	22554	47	17	21632	8765	61	34	10572	20614	95	299	30776	59847	147	84	52756	9350	18	22	8263	3595	49	49	21325	21986
scaffold	1300001	1310000	131	153	32281	54575	67	15	9785	4423	3	13	1347	4181	51	8	8492	3568	58	12	8164	3163	69	70	11715	22554	75	28	21632	8765	70	56	10572	20614	125	173	30776	59847	245	19	52756	9350	44	15	8263	3595	79	121	21325	21986
scaffold	1310001	1320000	33	99	32281	54575	13	23	9785	4423	1	11	1347	4181	12	1	8492	3568	10	12	8164	3163	14	52	11715	22554	28	10	21632	8765	15	36	10572	20614	32	90	30776	59847	70	32	52756	9350	5	29	8263	3595	36	60	21325	21986
scaffold	1320001	1330000	55	206	32281	54575	20	1	9785	4423	1	2	1347	4181	17	1	8492	3568	12	0	8164	3163	18	22	11715	22554	25	8	21632	8765	14	26	10572	20614	52	255	30776	59847	80	41	52756	9350	19	1	8263	3595	30	27	21325	21986
scaffold	1330001	1340000	138	132	32281	54575	53	2	9785	4423	13	20	1347	4181	43	8	8492	3568	43	1	8164	3163	51	80	11715	22554	106	21	21632	8765	39	62	10572	20614	143	102	30776	59847	254	29	52756	9350	38	1	8263	3595	119	79	21325	21986
scaffold	1340001	1350000	134	221	32281	54575	35	55	9785	4423	4	47	1347	4181	17	62	8492	3568	17	49	8164	3163	24	122	11715	22554	111	32	21632	8765	31	107	10572	20614	135	209	30776	59847	203	16	52756	9350	18	60	8263	3595	107	70	21325	21986
scaffold	1350001	1360000	157	145	32281	54575	48	9	9785	4423	2	6	1347	4181	36	7	8492	3568	32	6	8164	3163	16	77	11715	22554	119	13	21632	8765	12	66	10572	20614	118	275	30776	59847	231	18	52756	9350	32	10	8263	3595	95	84	21325	21986
scaffold	1360001	1370000	159	107	32281	54575	36	3	9785	4423	4	2	1347	4181	33	4	8492	3568	28	1	8164	3163	15	111	11715	22554	84	16	21632	8765	23	84	10572	20614	149	98	30776	59847	202	31	52756	9350	19	1	8263	3595	75	81	21325	21986
scaffold	1370001	1380000	79	66	32281	54575	20	4	9785	4423	0	6	1347	4181	11	7	8492	3568	13	21	8164	3163	7	36	11715	22554	28	13	21632	8765	6	28	10572	20614	67	86	30776	59847	91	25	52756	9350	11	13	8263	3595	25	49	21325	21986
scaffold	1380001	1390000	133	113	32281	54575	42	14	9785	4423	5	15	1347	4181	35	5	8492	3568	38	4	8164	3163	68	37	11715	22554	93	53	21632	8765	58	41	10572	20614	121	132	30776	59847	189	28	52756	9350	42	6	8263	3595	72	94	21325	21986
scaffold	1390001	1400000	202	180	32281	54575	50	19	9785	4423	6	26	1347	4181	32	4	8492	3568	29	2	8164	3163	103	74	11715	22554	49	31	21632	8765	56	141	10572	20614	167	284	30776	59847	259	38	52756	9350	27	6	8263	3595	67	67	21325	21986
scaffold	1400001	1410000	96	117	32281	54575	33	2	9785	4423	3	9	1347	4181	28	5	8492	3568	31	7	8164	3163	41	42	11715	22554	76	18	21632	8765	28	47	10572	20614	86	269	30776	59847	148	27	52756	9350	30	5	8263	3595	55	103	21325	21986
scaffold	1410001	1420000	107	126	32281	54575	19	5	9785	4423	5	3	1347	4181	26	19	8492	3568	25	7	8164	3163	18	36	11715	22554	69	35	21632	8765	17	42	10572	20614	93	175	30776	59847	173	38	52756	9350	19	3	8263	3595	61	73	21325	21986
scaffold	1420001	1430000	123	148	32281	54575	42	7	9785	4423	1	8	1347	4181	33	5	8492	3568	28	3	8164	3163	41	60	11715	22554	67	26	21632	8765	27	51	10572	20614	112	247	30776	59847	186	32	52756	9350	35	7	8263	3595	48	61	21325	21986
scaffold	1430001	1440000	137	192	32281	54575	15	13	9785	4423	5	8	1347	4181	26	11	8492	3568	14	5	8164	3163	51	77	11715	22554	60	12	21632	8765	41	64	10572	20614	115	272	30776	59847	191	25	52756	9350	33	5	8263	3595	39	60	21325	21986
scaffold	1440001	1450000	141	87	32281	54575	50	13	9785	4423	4	6	1347	4181	44	18	8492	3568	43	18	8164	3163	36	104	11715	22554	119	18	21632	8765	33	71	10572	20614	114	181	30776	59847	182	64	52756	9350	34	7	8263	3595	81	99	21325	21986
scaffold	1450001	1460000	113	96	32281	54575	28	7	9785	4423	2	7	1347	4181	27	4	8492	3568	11	2	8164	3163	45	49	11715	22554	48	20	21632	8765	40	30	10572	20614	94	266	30776	59847	158	44	52756	9350	15	1	8263	3595	52	45	21325	21986
scaffold	1460001	1470000	140	145	32281	54575	36	9	9785	4423	6	7	1347	4181	24	4	8492	3568	34	3	8164	3163	53	62	11715	22554	92	26	21632	8765	51	57	10572	20614	87	252	30776	59847	208	21	52756	9350	36	1	8263	3595	75	95	21325	21986
scaffold	1470001	1480000	129	104	32281	54575	39	14	9785	4423	3	9	1347	4181	30	6	8492	3568	24	6	8164	3163	46	69	11715	22554	73	13	21632	8765	32	70	10572	20614	103	248	30776	59847	165	32	52756	9350	28	4	8263	3595	70	85	21325	21986
scaffold	1480001	1490000	82	158	32281	54575	7	1	9785	4423	1	10	1347	4181	16	3	8492	3568	9	4	8164	3163	20	58	11715	22554	64	10	21632	8765	12	53	10572	20614	73	229	30776	59847	128	19	52756	9350	4	4	8263	3595	51	31	21325	21986
scaffold	1490001	1500000	47	76	32281	54575	17	2	9785	4423	2	1	1347	4181	2	0	8492	3568	1	2	8164	3163	23	51	11715	22554	43	3	21632	8765	20	19	10572	20614	40	182	30776	59847	73	7	52756	9350	4	2	8263	3595	42	26	21325	21986
scaffold	1500001	1510000	125	117	32281	54575	34	7	9785	4423	1	4	1347	4181	16	3	8492	3568	13	2	8164	3163	42	84	11715	22554	88	18	21632	8765	26	49	10572	20614	103	162	30776	59847	185	21	52756	9350	27	1	8263	3595	73	38	21325	21986
scaffold	1510001	1520000	100	128	32281	54575	27	6	9785	4423	1	2	1347	4181	17	1	8492	3568	13	10	8164	3163	36	22	11715	22554	66	12	21632	8765	22	20	10572	20614	75	259	30776	59847	129	36	52756	9350	20	5	8263	3595	57	51	21325	21986
scaffold	1520001	1530000	90	104	32281	54575	17	9	9785	4423	2	8	1347	4181	13	5	8492	3568	5	6	8164	3163	35	69	11715	22554	63	22	21632	8765	31	41	10572	20614	82	228	30776	59847	144	44	52756	9350	12	3	8263	3595	59	59	21325	21986
scaffold	1530001	1540000	194	83	32281	54575	54	12	9785	4423	3	9	1347	4181	32	10	8492	3568	49	7	8164	3163	70	59	11715	22554	137	27	21632	8765	73	45	10572	20614	146	199	30776	59847	259	35	52756	9350	24	8	8263	3595	131	105	21325	21986
scaffold	1540001	1550000	114	144	32281	54575	25	4	9785	4423	1	17	1347	4181	16	3	8492	3568	17	8	8164	3163	22	57	11715	22554	56	14	21632	8765	21	45	10572	20614	99	220	30776	59847	239	36	52756	9350	14	3	8263	3595	33	70	21325	21986
scaffold	1550001	1560000	73	65	32281	54575	17	9	9785	4423	1	6	1347	4181	15	7	8492	3568	19	1	8164	3163	25	22	11715	22554	80	18	21632	8765	23	35	10572	20614	58	149	30776	59847	123	24	52756	9350	13	5	8263	3595	69	51	21325	21986
scaffold	1560001	1570000	100	122	32281	54575	35	2	9785	4423	5	8	1347	4181	42	9	8492	3568	33	6	8164	3163	49	44	11715	22554	108	22	21632	8765	41	38	10572	20614	98	210	30776	59847	179	45	52756	9350	46	4	8263	3595	111	71	21325	21986
scaffold	1570001	1580000	69	56	32281	54575	14	13	9785	4423	4	9	1347	4181	14	6	8492	3568	10	5	8164	3163	30	51	11715	22554	48	27	21632	8765	17	20	10572	20614	53	109	30776	59847	114	25	52756	9350	12	8	8263	3595	44	40	21325	21986
scaffold	1580001	1590000	77	56	32281	54575	12	5	9785	4423	4	5	1347	4181	10	2	8492	3568	11	0	8164	3163	19	56	11715	22554	56	6	21632	8765	13	15	10572	20614	60	131	30776	59847	87	22	52756	9350	15	1	8263	3595	49	32	21325	21986
scaffold	1590001	1600000	153	140	32281	54575	26	6	9785	4423	2	6	1347	4181	9	10	8492	3568	20	2	8164	3163	49	96	11715	22554	69	15	21632	8765	43	65	10572	20614	104	322	30776	59847	192	98	52756	9350	25	8	8263	3595	66	28	21325	21986
scaffold	1600001	1610000	102	111	32281	54575	48	4	9785	4423	11	10	1347	4181	36	10	8492	3568	30	12	8164	3163	46	51	11715	22554	100	8	21632	8765	38	51	10572	20614	71	219	30776	59847	158	17	52756	9350	34	9	8263	3595	61	86	21325	21986
scaffold	1610001	1620000	150	91	32281	54575	52	3	9785	4423	13	7	1347	4181	33	8	8492	3568	25	3	8164	3163	78	66	11715	22554	45	11	21632	8765	66	37	10572	20614	113	245	30776	59847	188	54	52756	9350	27	5	8263	3595	52	45	21325	21986
scaffold	1620001	1630000	99	109	32281	54575	36	2	9785	4423	2	6	1347	4181	29	2	8492	3568	36	5	8164	3163	38	53	11715	22554	118	19	21632	8765	31	58	10572	20614	74	255	30776	59847	170	26	52756	9350	31	5	8263	3595	113	53	21325	21986
scaffold	1630001	1640000	62	170	32281	54575	18	24	9785	4423	0	9	1347	4181	19	5	8492	3568	18	6	8164	3163	30	64	11715	22554	47	7	21632	8765	27	43	10572	20614	65	223	30776	59847	127	41	52756	9350	21	3	8263	3595	52	52	21325	21986
scaffold	1640001	1650000	147	247	32281	54575	34	142	9785	4423	4	129	1347	4181	30	121	8492	3568	34	125	8164	3163	32	106	11715	22554	58	196	21632	8765	30	189	10572	20614	132	294	30776	59847	249	44	52756	9350	17	116	8263	3595	44	272	21325	21986
scaffold	1650001	1660000	166	163	32281	54575	34	1	9785	4423	8	6	1347	4181	28	13	8492	3568	26	3	8164	3163	42	89	11715	22554	111	14	21632	8765	35	70	10572	20614	142	182	30776	59847	233	28	52756	9350	20	10	8263	3595	90	72	21325	21986
scaffold	1660001	1670000	93	112	32281	54575	29	3	9785	4423	8	3	1347	4181	10	2	8492	3568	18	1	8164	3163	36	36	11715	22554	38	9	21632	8765	23	16	10572	20614	64	204	30776	59847	145	34	52756	9350	17	2	8263	3595	45	26	21325	21986
scaffold	1670001	1680000	201	107	32281	54575	68	9	9785	4423	10	11	1347	4181	74	4	8492	3568	83	2	8164	3163	100	41	11715	22554	122	25	21632	8765	86	63	10572	20614	181	133	30776	59847	292	22	52756	9350	75	1	8263	3595	123	92	21325	21986
scaffold	1680001	1690000	155	128	32281	54575	63	45	9785	4423	12	6	1347	4181	49	8	8492	3568	45	3	8164	3163	53	123	11715	22554	113	38	21632	8765	47	124	10572	20614	152	214	30776	59847	283	20	52756	9350	42	37	8263	3595	118	109	21325	21986
scaffold	1690001	1700000	99	222	32281	54575	38	13	9785	4423	11	8	1347	4181	33	7	8492	3568	18	3	8164	3163	49	69	11715	22554	74	19	21632	8765	26	70	10572	20614	85	288	30776	59847	152	31	52756	9350	34	5	8263	3595	59	67	21325	21986
scaffold	1700001	1710000	153	108	32281	54575	72	18	9785	4423	5	22	1347	4181	43	17	8492	3568	88	3	8164	3163	96	110	11715	22554	82	33	21632	8765	58	164	10572	20614	113	200	30776	59847	198	10	52756	9350	79	4	8263	3595	76	121	21325	21986
scaffold	1710001	1720000	115	60	32281	54575	81	2	9785	4423	6	9	1347	4181	52	17	8492	3568	35	12	8164	3163	78	70	11715	22554	44	13	21632	8765	79	50	10572	20614	86	145	30776	59847	166	15	52756	9350	29	6	8263	3595	8	16	21325	21986
scaffold	1720001	1730000	146	73	32281	54575	106	11	9785	4423	5	13	1347	4181	71	6	8492	3568	81	10	8164	3163	69	118	11715	22554	96	32	21632	8765	65	119	10572	20614	128	177	30776	59847	207	24	52756	9350	75	6	8263	3595	85	104	21325	21986
scaffold	1730001	1740000	90	124	32281	54575	41	1	9785	4423	3	4	1347	4181	21	1	8492	3568	37	0	8164	3163	41	28	11715	22554	83	19	21632	8765	39	23	10572	20614	82	236	30776	59847	128	36	52756	9350	20	4	8263	3595	76	54	21325	21986
scaffold	1740001	1750000	115	129	32281	54575	32	7	9785	4423	3	56	1347	4181	36	41	8492	3568	26	57	8164	3163	58	116	11715	22554	110	19	21632	8765	56	98	10572	20614	116	199	30776	59847	167	12	52756	9350	35	61	8263	3595	93	85	21325	21986
scaffold	1750001	1760000	118	108	32281	54575	44	12	9785	4423	6	9	1347	4181	33	6	8492	3568	24	15	8164	3163	37	88	11715	22554	99	28	21632	8765	30	85	10572	20614	113	158	30776	59847	196	23	52756	9350	37	13	8263	3595	102	97	21325	21986
scaffold	1760001	1770000	116	93	32281	54575	44	9	9785	4423	11	7	1347	4181	19	6	8492	3568	34	6	8164	3163	34	94	11715	22554	71	28	21632	8765	26	92	10572	20614	92	163	30776	59847	169	19	52756	9350	32	7	8263	3595	84	72	21325	21986
scaffold	1770001	1780000	76	142	32281	54575	16	11	9785	4423	1	3	1347	4181	29	3	8492	3568	24	12	8164	3163	22	80	11715	22554	49	52	21632	8765	19	88	10572	20614	62	201	30776	59847	127	19	52756	9350	35	9	8263	3595	51	120	21325	21986
scaffold	1780001	1790000	71	87	32281	54575	61	20	9785	4423	2	11	1347	4181	39	7	8492	3568	49	12	8164	3163	53	86	11715	22554	60	25	21632	8765	53	68	10572	20614	72	91	30776	59847	165	15	52756	9350	61	2	8263	3595	60	124	21325	21986
scaffold	1790001	1800000	38	82	32281	54575	9	3	9785	4423	0	0	1347	4181	4	2	8492	3568	2	3	8164	3163	13	34	11715	22554	8	8	21632	8765	10	15	10572	20614	35	151	30776	59847	61	26	52756	9350	4	1	8263	3595	23	7	21325	21986
scaffold	1800001	1810000	106	76	32281	54575	43	17	9785	4423	4	10	1347	4181	22	4	8492	3568	30	10	8164	3163	45	45	11715	22554	84	28	21632	8765	42	83	10572	20614	96	126	30776	59847	155	35	52756	9350	33	8	8263	3595	94	67	21325	21986
scaffold	1810001	1820000	146	122	32281	54575	16	29	9785	4423	0	10	1347	4181	29	21	8492	3568	30	10	8164	3163	17	130	11715	22554	125	39	21632	8765	18	119	10572	20614	147	111	30776	59847	220	31	52756	9350	25	2	8263	3595	135	77	21325	21986
scaffold	1820001	1830000	152	183	32281	54575	28	8	9785	4423	0	3	1347	4181	61	5	8492	3568	30	1	8164	3163	27	110	11715	22554	105	66	21632	8765	25	115	10572	20614	163	166	30776	59847	268	21	52756	9350	48	5	8263	3595	108	129	21325	21986
scaffold	1830001	1840000	107	128	32281	54575	56	26	9785	4423	2	20	1347	4181	45	7	8492	3568	50	3	8164	3163	70	55	11715	22554	100	25	21632	8765	66	52	10572	20614	85	91	30776	59847	214	29	52756	9350	64	7	8263	3595	77	129	21325	21986
scaffold	1840001	1850000	107	167	32281	54575	41	51	9785	4423	2	44	1347	4181	49	20	8492	3568	64	32	8164	3163	82	99	11715	22554	64	29	21632	8765	74	126	10572	20614	111	136	30776	59847	217	28	52756	9350	52	20	8263	3595	64	136	21325	21986
scaffold	1850001	1860000	120	223	32281	54575	7	25	9785	4423	1	23	1347	4181	55	12	8492	3568	49	8	8164	3163	76	49	11715	22554	95	36	21632	8765	76	67	10572	20614	109	219	30776	59847	247	16	52756	9350	47	12	8263	3595	138	95	21325	21986
scaffold	1860001	1870000	109	166	32281	54575	33	7	9785	4423	2	11	1347	4181	18	2	8492	3568	22	5	8164	3163	52	21	11715	22554	46	46	21632	8765	35	53	10572	20614	115	199	30776	59847	185	26	52756	9350	34	2	8263	3595	76	67	21325	21986
scaffold	1870001	1880000	75	227	32281	54575	37	8	9785	4423	3	4	1347	4181	25	6	8492	3568	33	2	8164	3163	39	55	11715	22554	67	15	21632	8765	37	64	10572	20614	80	230	30776	59847	176	26	52756	9350	31	3	8263	3595	62	36	21325	21986
scaffold	1880001	1890000	114	238	32281	54575	36	26	9785	4423	3	8	1347	4181	34	4	8492	3568	31	14	8164	3163	41	22	11715	22554	70	11	21632	8765	37	33	10572	20614	107	145	30776	59847	167	25	52756	9350	28	5	8263	3595	91	33	21325	21986
scaffold	1890001	1900000	52	64	32281	54575	10	25	9785	4423	1	3	1347	4181	11	9	8492	3568	15	12	8164	3163	17	23	11715	22554	16	3	21632	8765	14	27	10572	20614	47	56	30776	59847	87	22	52756	9350	20	2	8263	3595	46	40	21325	21986
scaffold	1900001	1910000	143	215	32281	54575	34	35	9785	4423	0	23	1347	4181	41	55	8492	3568	34	53	8164	3163	55	42	11715	22554	158	36	21632	8765	56	45	10572	20614	134	190	30776	59847	281	34	52756	9350	53	1	8263	3595	158	71	21325	21986
scaffold	1910001	1920000	74	227	32281	54575	23	20	9785	4423	2	6	1347	4181	18	3	8492	3568	14	5	8164	3163	28	66	11715	22554	73	19	21632	8765	25	46	10572	20614	75	216	30776	59847	168	24	52756	9350	21	4	8263	3595	71	58	21325	21986
scaffold	1920001	1930000	93	194	32281	54575	46	14	9785	4423	10	6	1347	4181	35	7	8492	3568	44	3	8164	3163	34	105	11715	22554	71	44	21632	8765	32	76	10572	20614	90	189	30776	59847	169	31	52756	9350	26	5	8263	3595	66	98	21325	21986
scaffold	1930001	1940000	130	133	32281	54575	30	63	9785	4423	6	33	1347	4181	46	71	8492	3568	43	40	8164	3163	28	170	11715	22554	100	81	21632	8765	29	138	10572	20614	116	155	30776	59847	242	20	52756	9350	39	58	8263	3595	78	183	21325	21986
scaffold	1940001	1950000	120	167	32281	54575	28	179	9785	4423	2	172	1347	4181	40	182	8492	3568	40	175	8164	3163	18	271	11715	22554	95	214	21632	8765	19	256	10572	20614	111	162	30776	59847	217	23	52756	9350	23	177	8263	3595	87	298	21325	21986
scaffold	1950001	1960000	124	310	32281	54575	19	22	9785	4423	1	9	1347	4181	47	11	8492	3568	44	20	8164	3163	6	164	11715	22554	38	46	21632	8765	6	162	10572	20614	136	252	30776	59847	193	22	52756	9350	25	4	8263	3595	26	130	21325	21986
scaffold	1960001	1970000	79	309	32281	54575	22	25	9785	4423	2	34	1347	4181	18	41	8492	3568	19	19	8164	3163	21	172	11715	22554	50	32	21632	8765	19	161	10572	20614	74	343	30776	59847	125	57	52756	9350	24	40	8263	3595	46	86	21325	21986
scaffold	1970001	1980000	57	159	32281	54575	18	10	9785	4423	2	2	1347	4181	8	3	8492	3568	13	2	8164	3163	16	43	11715	22554	32	16	21632	8765	15	39	10572	20614	49	174	30776	59847	72	51	52756	9350	11	5	8263	3595	29	36	21325	21986
scaffold	1980001	1990000	83	161	32281	54575	21	3	9785	4423	8	5	1347	4181	29	3	8492	3568	25	4	8164	3163	28	44	11715	22554	54	16	21632	8765	31	48	10572	20614	84	185	30776	59847	120	33	52756	9350	24	3	8263	3595	62	57	21325	21986
scaffold	1990001	2000000	174	96	32281	54575	49	7	9785	4423	21	7	1347	4181	41	0	8492	3568	57	4	8164	3163	29	135	11715	22554	123	5	21632	8765	27	131	10572	20614	177	106	30776	59847	212	50	52756	9350	38	8	8263	3595	102	75	21325	21986
scaffold	2000001	2010000	131	189	32281	54575	37	7	9785	4423	8	12	1347	4181	35	1	8492	3568	30	8	8164	3163	44	70	11715	22554	92	35	21632	8765	40	65	10572	20614	128	196	30776	59847	211	36	52756	9350	23	16	8263	3595	106	82	21325	21986
scaffold	2010001	2020000	74	138	32281	54575	11	2	9785	4423	3	9	1347	4181	12	0	8492	3568	17	8	8164	3163	39	44	11715	22554	21	12	21632	8765	23	39	10572	20614	78	142	30776	59847	98	70	52756	9350	21	6	8263	3595	27	7	21325	21986
scaffold	2020001	2030000	111	141	32281	54575	39	7	9785	4423	9	7	1347	4181	40	13	8492	3568	25	5	8164	3163	39	52	11715	22554	91	9	21632	8765	37	24	10572	20614	118	136	30776	59847	187	32	52756	9350	26	5	8263	3595	97	46	21325	21986
scaffold	2030001	2040000	94	153	32281	54575	35	8	9785	4423	3	9	1347	4181	29	2	8492	3568	36	8	8164	3163	31	67	11715	22554	122	24	21632	8765	32	54	10572	20614	95	142	30776	59847	182	23	52756	9350	31	2	8263	3595	109	70	21325	21986
scaffold	2040001	2050000	96	271	32281	54575	21	6	9785	4423	5	6	1347	4181	15	8	8492	3568	14	2	8164	3163	30	69	11715	22554	68	15	21632	8765	24	40	10572	20614	102	242	30776	59847	186	16	52756	9350	23	3	8263	3595	79	17	21325	21986
scaffold	2050001	2060000	69	168	32281	54575	21	5	9785	4423	3	10	1347	4181	34	7	8492	3568	19	3	8164	3163	18	64	11715	22554	75	20	21632	8765	19	51	10572	20614	67	150	30776	59847	140	17	52756	9350	21	4	8263	3595	79	63	21325	21986
scaffold	2060001	2070000	106	101	32281	54575	39	12	9785	4423	6	15	1347	4181	26	4	8492	3568	25	5	8164	3163	51	47	11715	22554	48	34	21632	8765	50	31	10572	20614	108	110	30776	59847	150	15	52756	9350	25	11	8263	3595	58	61	21325	21986
scaffold	2070001	2080000	143	255	32281	54575	48	27	9785	4423	11	13	1347	4181	29	7	8492	3568	28	4	8164	3163	46	57	11715	22554	77	26	21632	8765	43	63	10572	20614	143	263	30776	59847	209	11	52756	9350	44	4	8263	3595	92	101	21325	21986
scaffold	2080001	2090000	32	117	32281	54575	8	39	9785	4423	1	3	1347	4181	16	3	8492	3568	11	2	8164	3163	11	67	11715	22554	27	7	21632	8765	11	63	10572	20614	34	111	30776	59847	64	44	52756	9350	12	13	8263	3595	36	48	21325	21986
scaffold	2090001	2100000	86	155	32281	54575	35	9	9785	4423	1	11	1347	4181	23	4	8492	3568	28	7	8164	3163	35	73	11715	22554	73	25	21632	8765	34	61	10572	20614	95	143	30776	59847	180	26	52756	9350	26	11	8263	3595	60	82	21325	21986
scaffold	2100001	2110000	60	275	32281	54575	21	23	9785	4423	6	4	1347	4181	22	9	8492	3568	24	12	8164	3163	32	50	11715	22554	61	9	21632	8765	32	27	10572	20614	62	265	30776	59847	132	42	52756	9350	34	1	8263	3595	71	17	21325	21986
scaffold	2110001	2120000	88	264	32281	54575	32	10	9785	4423	3	8	1347	4181	19	2	8492	3568	17	6	8164	3163	38	49	11715	22554	70	21	21632	8765	37	45	10572	20614	97	233	30776	59847	152	25	52756	9350	29	3	8263	3595	87	49	21325	21986
scaffold	2120001	2130000	117	273	32281	54575	41	17	9785	4423	4	8	1347	4181	34	7	8492	3568	25	2	8164	3163	46	73	11715	22554	90	17	21632	8765	48	32	10572	20614	120	232	30776	59847	213	43	52756	9350	30	7	8263	3595	89	36	21325	21986
scaffold	2130001	2140000	140	135	32281	54575	30	9	9785	4423	7	13	1347	4181	26	6	8492	3568	26	7	8164	3163	20	123	11715	22554	113	46	21632	8765	26	86	10572	20614	149	141	30776	59847	232	28	52756	9350	23	11	8263	3595	131	104	21325	21986
scaffold	2140001	2150000	85	317	32281	54575	31	4	9785	4423	6	5	1347	4181	15	1	8492	3568	22	3	8164	3163	29	100	11715	22554	80	14	21632	8765	25	46	10572	20614	82	328	30776	59847	124	53	52756	9350	11	15	8263	3595	98	15	21325	21986
scaffold	2150001	2160000	125	201	32281	54575	37	2	9785	4423	4	10	1347	4181	37	11	8492	3568	32	6	8164	3163	31	98	11715	22554	119	40	21632	8765	38	89	10572	20614	119	208	30776	59847	256	20	52756	9350	35	5	8263	3595	131	69	21325	21986
scaffold	2160001	2170000	73	188	32281	54575	58	9	9785	4423	3	10	1347	4181	41	7	8492	3568	28	7	8164	3163	33	95	11715	22554	46	42	21632	8765	24	94	10572	20614	75	205	30776	59847	163	43	52756	9350	27	4	8263	3595	49	87	21325	21986
scaffold	2170001	2180000	126	176	32281	54575	70	8	9785	4423	7	7	1347	4181	68	7	8492	3568	31	8	8164	3163	60	100	11715	22554	93	48	21632	8765	56	106	10572	20614	134	147	30776	59847	191	28	52756	9350	39	6	8263	3595	76	148	21325	21986
scaffold	2180001	2190000	52	274	32281	54575	16	0	9785	4423	0	0	1347	4181	5	2	8492	3568	7	1	8164	3163	10	38	11715	22554	18	5	21632	8765	10	22	10572	20614	53	325	30776	59847	86	134	52756	9350	14	4	8263	3595	16	58	21325	21986
scaffold	2190001	2200000	121	168	32281	54575	47	3	9785	4423	4	9	1347	4181	32	0	8492	3568	19	4	8164	3163	57	76	11715	22554	127	25	21632	8765	53	67	10572	20614	136	170	30776	59847	196	35	52756	9350	31	5	8263	3595	128	68	21325	21986
scaffold	2200001	2210000	134	161	32281	54575	37	3	9785	4423	3	7	1347	4181	14	1	8492	3568	37	9	8164	3163	38	51	11715	22554	109	33	21632	8765	34	42	10572	20614	138	153	30776	59847	206	50	52756	9350	36	1	8263	3595	113	64	21325	21986
scaffold	2210001	2220000	87	241	32281	54575	31	9	9785	4423	4	15	1347	4181	8	8	8492	3568	14	7	8164	3163	32	95	11715	22554	49	26	21632	8765	29	68	10572	20614	82	201	30776	59847	156	31	52756	9350	23	5	8263	3595	62	25	21325	21986
scaffold	2220001	2230000	97	197	32281	54575	60	8	9785	4423	4	8	1347	4181	30	3	8492	3568	48	2	8164	3163	43	57	11715	22554	81	28	21632	8765	44	57	10572	20614	88	215	30776	59847	182	22	52756	9350	36	6	8263	3595	73	104	21325	21986
scaffold	2230001	2240000	75	303	32281	54575	34	3	9785	4423	4	7	1347	4181	27	5	8492	3568	30	1	8164	3163	38	20	11715	22554	73	12	21632	8765	17	57	10572	20614	79	263	30776	59847	165	10	52756	9350	17	3	8263	3595	90	55	21325	21986
scaffold	2240001	2250000	116	419	32281	54575	21	9	9785	4423	0	19	1347	4181	28	20	8492	3568	23	11	8164	3163	18	113	11715	22554	26	9	21632	8765	19	79	10572	20614	143	371	30776	59847	206	92	52756	9350	9	8	8263	3595	39	15	21325	21986
scaffold	2250001	2260000	35	355	32281	54575	26	14	9785	4423	4	21	1347	4181	14	12	8492	3568	11	5	8164	3163	12	88	11715	22554	16	15	21632	8765	14	100	10572	20614	47	277	30776	59847	80	60	52756	9350	12	15	8263	3595	35	30	21325	21986
scaffold	2260001	2270000	101	182	32281	54575	36	6	9785	4423	3	8	1347	4181	21	7	8492	3568	24	7	8164	3163	44	99	11715	22554	65	14	21632	8765	33	87	10572	20614	94	151	30776	59847	161	26	52756	9350	23	6	8263	3595	53	67	21325	21986
scaffold	2270001	2280000	85	412	32281	54575	23	11	9785	4423	7	9	1347	4181	14	3	8492	3568	13	2	8164	3163	38	39	11715	22554	88	16	21632	8765	19	26	10572	20614	99	359	30776	59847	168	18	52756	9350	13	6	8263	3595	73	48	21325	21986
scaffold	2280001	2290000	67	193	32281	54575	19	14	9785	4423	4	5	1347	4181	17	4	8492	3568	8	10	8164	3163	31	65	11715	22554	30	5	21632	8765	26	54	10572	20614	63	210	30776	59847	124	23	52756	9350	16	7	8263	3595	37	7	21325	21986
scaffold	2290001	2300000	67	223	32281	54575	5	23	9785	4423	1	3	1347	4181	8	31	8492	3568	13	21	8164	3163	12	45	11715	22554	9	4	21632	8765	16	15	10572	20614	54	218	30776	59847	110	30	52756	9350	9	48	8263	3595	2	7	21325	21986
scaffold	2300001	2310000	62	132	32281	54575	5	27	9785	4423	1	9	1347	4181	18	57	8492	3568	11	29	8164	3163	13	102	11715	22554	42	18	21632	8765	8	105	10572	20614	59	259	30776	59847	133	51	52756	9350	11	61	8263	3595	45	26	21325	21986
scaffold	2310001	2320000	57	151	32281	54575	1	57	9785	4423	2	53	1347	4181	15	48	8492	3568	4	53	8164	3163	6	242	11715	22554	29	54	21632	8765	3	247	10572	20614	61	154	30776	59847	116	40	52756	9350	9	113	8263	3595	28	126	21325	21986
scaffold	2320001	2330000	101	150	32281	54575	11	87	9785	4423	0	78	1347	4181	33	99	8492	3568	29	98	8164	3163	12	250	11715	22554	75	136	21632	8765	11	250	10572	20614	121	121	30776	59847	211	25	52756	9350	18	126	8263	3595	76	225	21325	21986
scaffold	2330001	2340000	110	201	32281	54575	35	4	9785	4423	2	9	1347	4181	26	0	8492	3568	23	16	8164	3163	23	89	11715	22554	75	34	21632	8765	19	92	10572	20614	106	208	30776	59847	194	25	52756	9350	21	2	8263	3595	64	113	21325	21986
scaffold	2340001	2350000	113	243	32281	54575	36	8	9785	4423	1	3	1347	4181	20	3	8492	3568	23	8	8164	3163	27	92	11715	22554	67	24	21632	8765	15	89	10572	20614	102	227	30776	59847	160	21	52756	9350	23	4	8263	3595	57	48	21325	21986
scaffold	2350001	2360000	184	234	32281	54575	62	20	9785	4423	9	11	1347	4181	39	4	8492	3568	44	8	8164	3163	64	85	11715	22554	44	16	21632	8765	63	77	10572	20614	191	220	30776	59847	299	14	52756	9350	46	9	8263	3595	43	42	21325	21986
scaffold	2360001	2370000	218	171	32281	54575	84	19	9785	4423	25	11	1347	4181	82	16	8492	3568	69	13	8164	3163	45	91	11715	22554	148	35	21632	8765	45	94	10572	20614	212	160	30776	59847	321	35	52756	9350	42	1	8263	3595	133	158	21325	21986
scaffold	2370001	2380000	46	137	32281	54575	20	7	9785	4423	4	4	1347	4181	30	16	8492	3568	30	17	8164	3163	23	13	11715	22554	20	9	21632	8765	21	22	10572	20614	47	125	30776	59847	75	50	52756	9350	17	1	8263	3595	20	29	21325	21986
scaffold	2380001	2390000	99	268	32281	54575	38	3	9785	4423	5	7	1347	4181	34	4	8492	3568	33	3	8164	3163	40	61	11715	22554	103	32	21632	8765	41	66	10572	20614	96	252	30776	59847	171	25	52756	9350	31	3	8263	3595	93	65	21325	21986
scaffold	2390001	2400000	80	234	32281	54575	22	14	9785	4423	9	6	1347	4181	31	4	8492	3568	22	5	8164	3163	26	57	11715	22554	54	41	21632	8765	19	49	10572	20614	88	182	30776	59847	138	36	52756	9350	14	1	8263	3595	64	40	21325	21986
scaffold	2400001	2410000	103	217	32281	54575	18	28	9785	4423	0	6	1347	4181	17	2	8492	3568	13	6	8164	3163	60	62	11715	22554	77	26	21632	8765	20	104	10572	20614	110	197	30776	59847	174	18	52756	9350	56	8	8263	3595	48	85	21325	21986
scaffold	2410001	2420000	74	232	32281	54575	0	19	9785	4423	0	7	1347	4181	8	6	8492	3568	6	6	8164	3163	44	106	11715	22554	15	6	21632	8765	21	117	10572	20614	73	234	30776	59847	117	35	52756	9350	26	5	8263	3595	16	11	21325	21986
scaffold	2420001	2430000	41	323	32281	54575	4	14	9785	4423	1	11	1347	4181	7	17	8492	3568	4	12	8164	3163	23	75	11715	22554	1	4	21632	8765	9	88	10572	20614	40	351	30776	59847	69	26	52756	9350	2	6	8263	3595	2	5	21325	21986
scaffold	2430001	2440000	88	173	32281	54575	22	4	9785	4423	5	6	1347	4181	45	4	8492	3568	39	2	8164	3163	25	74	11715	22554	47	36	21632	8765	18	64	10572	20614	96	181	30776	59847	171	43	52756	9350	21	23	8263	3595	50	77	21325	21986
scaffold	2440001	2450000	117	159	32281	54575	36	6	9785	4423	2	2	1347	4181	28	10	8492	3568	32	3	8164	3163	50	96	11715	22554	86	10	21632	8765	24	86	10572	20614	112	175	30776	59847	181	29	52756	9350	44	16	8263	3595	81	43	21325	21986
scaffold	2450001	2460000	133	153	32281	54575	15	24	9785	4423	8	6	1347	4181	32	4	8492	3568	27	2	8164	3163	15	101	11715	22554	79	20	21632	8765	12	106	10572	20614	120	138	30776	59847	235	15	52756	9350	46	8	8263	3595	54	83	21325	21986
scaffold	2460001	2470000	112	197	32281	54575	40	5	9785	4423	1	9	1347	4181	69	18	8492	3568	42	11	8164	3163	28	93	11715	22554	118	36	21632	8765	29	95	10572	20614	94	141	30776	59847	225	31	52756	9350	33	9	8263	3595	62	196	21325	21986
scaffold	2470001	2480000	54	238	32281	54575	24	33	9785	4423	1	36	1347	4181	27	18	8492	3568	3	29	8164	3163	53	92	11715	22554	45	33	21632	8765	23	113	10572	20614	52	117	30776	59847	113	30	52756	9350	5	44	8263	3595	45	95	21325	21986
scaffold	2480001	2490000	79	155	32281	54575	32	16	9785	4423	4	10	1347	4181	13	19	8492	3568	22	3	8164	3163	26	113	11715	22554	24	24	21632	8765	26	111	10572	20614	87	133	30776	59847	126	11	52756	9350	7	29	8263	3595	39	95	21325	21986
scaffold	2490001	2500000	61	286	32281	54575	26	3	9785	4423	2	4	1347	4181	16	2	8492	3568	20	3	8164	3163	11	39	11715	22554	40	14	21632	8765	9	39	10572	20614	63	154	30776	59847	90	78	52756	9350	10	19	8263	3595	46	11	21325	21986
scaffold	2500001	2510000	139	104	32281	54575	46	6	9785	4423	2	11	1347	4181	34	13	8492	3568	44	8	8164	3163	26	135	11715	22554	101	18	21632	8765	26	146	10572	20614	142	114	30776	59847	235	20	52756	9350	26	22	8263	3595	129	85	21325	21986
scaffold	2510001	2520000	109	160	32281	54575	53	0	9785	4423	3	11	1347	4181	19	8	8492	3568	21	6	8164	3163	57	40	11715	22554	83	24	21632	8765	45	30	10572	20614	121	101	30776	59847	181	31	52756	9350	30	10	8263	3595	67	94	21325	21986
scaffold	2520001	2530000	127	142	32281	54575	34	8	9785	4423	5	8	1347	4181	36	12	8492	3568	21	16	8164	3163	37	55	11715	22554	84	26	21632	8765	36	59	10572	20614	127	144	30776	59847	179	54	52756	9350	33	7	8263	3595	58	59	21325	21986
scaffold	2530001	2540000	162	151	32281	54575	62	7	9785	4423	8	16	1347	4181	51	4	8492	3568	59	6	8164	3163	33	91	11715	22554	40	21	21632	8765	42	122	10572	20614	165	104	30776	59847	247	20	52756	9350	61	2	8263	3595	70	60	21325	21986
scaffold	2540001	2550000	115	140	32281	54575	37	10	9785	4423	4	15	1347	4181	25	9	8492	3568	29	6	8164	3163	38	68	11715	22554	76	25	21632	8765	33	58	10572	20614	114	156	30776	59847	160	34	52756	9350	25	15	8263	3595	64	61	21325	21986
scaffold	2550001	2560000	205	47	32281	54575	46	12	9785	4423	5	11	1347	4181	35	7	8492	3568	40	10	8164	3163	89	32	11715	22554	168	15	21632	8765	83	40	10572	20614	204	44	30776	59847	249	24	52756	9350	86	2	8263	3595	149	91	21325	21986
scaffold	2560001	2570000	94	226	32281	54575	29	5	9785	4423	1	6	1347	4181	27	6	8492	3568	15	8	8164	3163	40	56	11715	22554	72	11	21632	8765	37	51	10572	20614	94	193	30776	59847	147	24	52756	9350	28	7	8263	3595	53	47	21325	21986
scaffold	2570001	2580000	58	154	32281	54575	23	5	9785	4423	2	6	1347	4181	10	9	8492	3568	16	4	8164	3163	24	25	11715	22554	51	28	21632	8765	18	40	10572	20614	58	124	30776	59847	96	29	52756	9350	21	3	8263	3595	48	45	21325	21986
scaffold	2580001	2590000	130	102	32281	54575	15	8	9785	4423	3	18	1347	4181	38	3	8492	3568	17	2	8164	3163	60	35	11715	22554	90	11	21632	8765	58	27	10572	20614	133	109	30776	59847	171	36	52756	9350	37	2	8263	3595	91	39	21325	21986
scaffold	2590001	2600000	120	134	32281	54575	24	4	9785	4423	1	3	1347	4181	35	3	8492	3568	21	8	8164	3163	53	78	11715	22554	94	11	21632	8765	54	77	10572	20614	121	131	30776	59847	181	23	52756	9350	25	4	8263	3595	111	84	21325	21986
scaffold	2600001	2610000	90	197	32281	54575	40	7	9785	4423	1	12	1347	4181	35	9	8492	3568	33	11	8164	3163	46	72	11715	22554	67	11	21632	8765	45	67	10572	20614	98	188	30776	59847	144	54	52756	9350	27	6	8263	3595	62	50	21325	21986
scaffold	2610001	2620000	174	166	32281	54575	57	13	9785	4423	7	17	1347	4181	48	17	8492	3568	40	11	8164	3163	67	55	11715	22554	129	70	21632	8765	56	65	10572	20614	175	145	30776	59847	269	10	52756	9350	48	18	8263	3595	125	100	21325	21986
scaffold	2620001	2630000	198	234	32281	54575	57	25	9785	4423	3	24	1347	4181	26	9	8492	3568	26	5	8164	3163	71	159	11715	22554	128	40	21632	8765	60	131	10572	20614	194	247	30776	59847	260	39	52756	9350	31	41	8263	3595	151	75	21325	21986
scaffold	2630001	2640000	103	157	32281	54575	32	2	9785	4423	3	5	1347	4181	23	2	8492	3568	21	0	8164	3163	55	40	11715	22554	98	20	21632	8765	45	49	10572	20614	103	154	30776	59847	167	29	52756	9350	23	4	8263	3595	105	55	21325	21986
scaffold	2640001	2650000	112	157	32281	54575	24	3	9785	4423	5	8	1347	4181	18	3	8492	3568	23	3	8164	3163	39	50	11715	22554	85	13	21632	8765	24	31	10572	20614	114	152	30776	59847	174	43	52756	9350	13	2	8263	3595	73	45	21325	21986
scaffold	2650001	2660000	101	218	32281	54575	38	23	9785	4423	9	7	1347	4181	31	13	8492	3568	31	6	8164	3163	33	92	11715	22554	86	35	21632	8765	37	85	10572	20614	91	263	30776	59847	192	29	52756	9350	28	20	8263	3595	80	78	21325	21986
scaffold	2660001	2670000	100	231	32281	54575	33	104	9785	4423	2	13	1347	4181	32	25	8492	3568	23	37	8164	3163	21	195	11715	22554	48	39	21632	8765	20	160	10572	20614	97	197	30776	59847	177	36	52756	9350	21	42	8263	3595	61	74	21325	21986
scaffold	2670001	2680000	67	239	32281	54575	27	40	9785	4423	0	62	1347	4181	16	86	8492	3568	15	73	8164	3163	41	101	11715	22554	34	96	21632	8765	40	120	10572	20614	69	241	30776	59847	119	43	52756	9350	40	63	8263	3595	35	182	21325	21986
scaffold	2680001	2690000	138	120	32281	54575	22	16	9785	4423	4	8	1347	4181	28	12	8492	3568	17	18	8164	3163	141	28	11715	22554	42	88	21632	8765	139	40	10572	20614	143	111	30776	59847	204	17	52756	9350	21	8	8263	3595	65	132	21325	21986
scaffold	2690001	2700000	94	171	32281	54575	17	7	9785	4423	10	7	1347	4181	22	19	8492	3568	28	5	8164	3163	67	59	11715	22554	72	41	21632	8765	59	61	10572	20614	106	168	30776	59847	195	33	52756	9350	18	9	8263	3595	76	123	21325	21986
scaffold	2700001	2710000	102	175	32281	54575	23	3	9785	4423	2	9	1347	4181	16	3	8492	3568	19	1	8164	3163	24	70	11715	22554	57	23	21632	8765	22	65	10572	20614	96	162	30776	59847	140	80	52756	9350	33	1	8263	3595	62	46	21325	21986
scaffold	2710001	2720000	141	111	32281	54575	71	5	9785	4423	4	8	1347	4181	22	6	8492	3568	55	5	8164	3163	49	121	11715	22554	61	30	21632	8765	54	116	10572	20614	139	105	30776	59847	216	16	52756	9350	56	5	8263	3595	68	125	21325	21986
scaffold	2720001	2730000	107	95	32281	54575	30	18	9785	4423	1	10	1347	4181	36	5	8492	3568	23	7	8164	3163	42	95	11715	22554	73	34	21632	8765	37	96	10572	20614	98	137	30776	59847	180	26	52756	9350	20	9	8263	3595	64	88	21325	21986
scaffold	2730001	2740000	88	84	32281	54575	26	5	9785	4423	9	5	1347	4181	20	1	8492	3568	15	7	8164	3163	27	62	11715	22554	78	17	21632	8765	17	38	10572	20614	89	119	30776	59847	148	26	52756	9350	22	4	8263	3595	59	71	21325	21986
scaffold	2740001	2750000	155	117	32281	54575	39	9	9785	4423	5	5	1347	4181	42	5	8492	3568	36	6	8164	3163	25	68	11715	22554	104	31	21632	8765	23	64	10572	20614	140	151	30776	59847	236	22	52756	9350	19	6	8263	3595	98	55	21325	21986
scaffold	2750001	2760000	189	102	32281	54575	90	8	9785	4423	4	4	1347	4181	53	9	8492	3568	71	5	8164	3163	61	121	11715	22554	147	15	21632	8765	41	148	10572	20614	173	136	30776	59847	277	25	52756	9350	29	11	8263	3595	122	101	21325	21986
scaffold	2760001	2770000	134	73	32281	54575	26	1	9785	4423	2	4	1347	4181	15	7	8492	3568	17	2	8164	3163	19	95	11715	22554	79	20	21632	8765	18	81	10572	20614	132	173	30776	59847	192	22	52756	9350	20	1	8263	3595	74	81	21325	21986
scaffold	2770001	2780000	96	81	32281	54575	17	13	9785	4423	1	25	1347	4181	25	20	8492	3568	23	21	8164	3163	16	104	11715	22554	59	37	21632	8765	15	106	10572	20614	81	163	30776	59847	139	26	52756	9350	12	10	8263	3595	60	98	21325	21986
scaffold	2780001	2790000	119	148	32281	54575	31	7	9785	4423	4	10	1347	4181	26	9	8492	3568	23	8	8164	3163	39	37	11715	22554	48	41	21632	8765	31	54	10572	20614	114	171	30776	59847	141	19	52756	9350	34	1	8263	3595	75	39	21325	21986
scaffold	2790001	2800000	144	103	32281	54575	32	4	9785	4423	3	4	1347	4181	23	9	8492	3568	23	6	8164	3163	43	43	11715	22554	92	19	21632	8765	32	49	10572	20614	125	187	30776	59847	184	31	52756	9350	28	2	8263	3595	92	53	21325	21986
scaffold	2800001	2810000	181	172	32281	54575	8	33	9785	4423	2	18	1347	4181	18	42	8492	3568	6	16	8164	3163	3	100	11715	22554	51	47	21632	8765	3	93	10572	20614	141	517	30776	59847	257	29	52756	9350	18	33	8263	3595	58	121	21325	21986
scaffold	2810001	2820000	157	87	32281	54575	40	4	9785	4423	13	16	1347	4181	65	14	8492	3568	66	21	8164	3163	51	35	11715	22554	90	45	21632	8765	45	51	10572	20614	135	157	30776	59847	268	13	52756	9350	54	11	8263	3595	113	45	21325	21986
scaffold	2820001	2830000	113	79	32281	54575	29	4	9785	4423	6	5	1347	4181	32	2	8492	3568	42	2	8164	3163	49	20	11715	22554	69	30	21632	8765	42	41	10572	20614	86	207	30776	59847	141	16	52756	9350	31	3	8263	3595	85	90	21325	21986
scaffold	2830001	2840000	178	85	32281	54575	57	11	9785	4423	18	9	1347	4181	54	5	8492	3568	52	3	8164	3163	74	61	11715	22554	134	26	21632	8765	81	54	10572	20614	154	140	30776	59847	264	15	52756	9350	55	6	8263	3595	108	89	21325	21986
scaffold	2840001	2850000	93	74	32281	54575	34	5	9785	4423	3	8	1347	4181	33	4	8492	3568	18	3	8164	3163	33	65	11715	22554	56	21	21632	8765	41	50	10572	20614	74	180	30776	59847	144	27	52756	9350	21	5	8263	3595	54	113	21325	21986
scaffold	2850001	2860000	118	252	32281	54575	73	5	9785	4423	5	6	1347	4181	65	9	8492	3568	19	12	8164	3163	37	105	11715	22554	82	22	21632	8765	71	64	10572	20614	117	302	30776	59847	196	44	52756	9350	25	14	8263	3595	70	123	21325	21986
scaffold	2860001	2870000	81	151	32281	54575	35	4	9785	4423	1	10	1347	4181	21	1	8492	3568	24	4	8164	3163	28	55	11715	22554	42	30	21632	8765	25	45	10572	20614	76	183	30776	59847	116	46	52756	9350	14	3	8263	3595	46	51	21325	21986
scaffold	2870001	2880000	109	139	32281	54575	56	6	9785	4423	13	11	1347	4181	30	5	8492	3568	32	4	8164	3163	38	86	11715	22554	85	59	21632	8765	32	75	10572	20614	104	165	30776	59847	178	29	52756	9350	36	4	8263	3595	90	68	21325	21986
scaffold	2880001	2890000	113	77	32281	54575	41	1	9785	4423	6	8	1347	4181	23	8	8492	3568	23	0	8164	3163	47	41	11715	22554	70	42	21632	8765	47	40	10572	20614	90	150	30776	59847	143	24	52756	9350	31	6	8263	3595	62	54	21325	21986
scaffold	2890001	2900000	137	152	32281	54575	27	1	9785	4423	5	13	1347	4181	26	11	8492	3568	34	7	8164	3163	45	59	11715	22554	61	22	21632	8765	40	36	10572	20614	115	203	30776	59847	176	19	52756	9350	25	4	8263	3595	92	51	21325	21986
scaffold	2900001	2910000	92	146	32281	54575	38	7	9785	4423	1	5	1347	4181	28	15	8492	3568	30	3	8164	3163	21	115	11715	22554	53	17	21632	8765	25	84	10572	20614	90	216	30776	59847	162	29	52756	9350	24	6	8263	3595	51	60	21325	21986
scaffold	2910001	2920000	65	96	32281	54575	13	24	9785	4423	3	5	1347	4181	15	19	8492	3568	13	4	8164	3163	9	148	11715	22554	13	13	21632	8765	14	163	10572	20614	67	102	30776	59847	102	92	52756	9350	15	1	8263	3595	30	64	21325	21986
scaffold	2920001	2930000	104	113	32281	54575	14	4	9785	4423	0	5	1347	4181	14	2	8492	3568	17	2	8164	3163	16	32	11715	22554	30	25	21632	8765	19	19	10572	20614	105	83	30776	59847	140	60	52756	9350	9	2	8263	3595	35	30	21325	21986
scaffold	2930001	2940000	221	98	32281	54575	49	5	9785	4423	4	6	1347	4181	44	6	8492	3568	56	7	8164	3163	44	99	11715	22554	96	29	21632	8765	31	129	10572	20614	209	123	30776	59847	281	22	52756	9350	72	6	8263	3595	71	93	21325	21986
scaffold	2940001	2950000	147	115	32281	54575	13	5	9785	4423	5	10	1347	4181	49	5	8492	3568	44	5	8164	3163	63	115	11715	22554	112	47	21632	8765	57	103	10572	20614	158	105	30776	59847	222	19	52756	9350	34	8	8263	3595	111	79	21325	21986
scaffold	2950001	2960000	119	121	32281	54575	22	7	9785	4423	2	6	1347	4181	22	0	8492	3568	13	0	8164	3163	25	57	11715	22554	72	15	21632	8765	24	43	10572	20614	100	201	30776	59847	153	45	52756	9350	12	3	8263	3595	67	47	21325	21986
scaffold	2960001	2970000	128	134	32281	54575	24	18	9785	4423	15	12	1347	4181	36	21	8492	3568	39	14	8164	3163	38	132	11715	22554	79	44	21632	8765	72	62	10572	20614	129	162	30776	59847	237	25	52756	9350	18	44	8263	3595	88	102	21325	21986
scaffold	2970001	2980000	122	89	32281	54575	34	12	9785	4423	5	10	1347	4181	34	12	8492	3568	30	9	8164	3163	28	166	11715	22554	128	38	21632	8765	93	44	10572	20614	109	165	30776	59847	201	25	52756	9350	31	6	8263	3595	134	65	21325	21986
scaffold	2980001	2990000	122	122	32281	54575	26	16	9785	4423	10	13	1347	4181	42	16	8492	3568	25	26	8164	3163	32	159	11715	22554	59	78	21632	8765	37	116	10572	20614	81	242	30776	59847	192	31	52756	9350	40	8	8263	3595	67	93	21325	21986
scaffold	2990001	3000000	72	123	32281	54575	7	51	9785	4423	0	58	1347	4181	22	34	8492	3568	16	47	8164	3163	17	126	11715	22554	45	96	21632	8765	19	114	10572	20614	58	174	30776	59847	132	34	52756	9350	17	40	8263	3595	52	148	21325	21986
scaffold	3000001	3010000	130	105	32281	54575	21	6	9785	4423	10	10	1347	4181	28	0	8492	3568	24	8	8164	3163	24	84	11715	22554	104	31	21632	8765	20	66	10572	20614	103	206	30776	59847	182	37	52756	9350	17	5	8263	3595	101	71	21325	21986
scaffold	3010001	3020000	137	147	32281	54575	38	14	9785	4423	7	21	1347	4181	48	6	8492	3568	40	7	8164	3163	46	83	11715	22554	72	63	21632	8765	34	81	10572	20614	103	166	30776	59847	201	16	52756	9350	43	13	8263	3595	112	57	21325	21986
scaffold	3020001	3030000	67	36	32281	54575	25	0	9785	4423	2	5	1347	4181	18	10	8492	3568	19	4	8164	3163	17	40	11715	22554	54	26	21632	8765	15	44	10572	20614	45	78	30776	59847	81	10	52756	9350	12	10	8263	3595	62	41	21325	21986
